Rk,G,Date,,Opp,W/L,Tm,Opp,FG,FGA,FG%,3P,3PA,3P%,FT,FTA,FT%,ORB,TRB,AST,STL,BLK,TOV,PF,,FG,FGA,FG%,3P,3PA,3P%,FT,FTA,FT%,ORB,TRB,AST,STL,BLK,TOV,PF
1,1,2020-12-22,,GSW,W,125,99,42,92,.457,15,35,.429,26,32,.813,13,57,24,11,7,20,22,,37,99,.374,10,33,.303,15,23,.652,13,47,26,6,6,18,24
2,2,2020-12-25,@,BOS,W,123,95,41,76,.539,15,29,.517,26,31,.839,9,43,21,5,10,15,22,,37,98,.378,8,27,.296,13,19,.684,20,47,23,6,5,15,27
3,3,2020-12-27,@,CHO,L,104,106,35,82,.427,17,47,.362,17,25,.680,6,46,23,4,5,19,17,,43,96,.448,10,34,.294,10,17,.588,13,52,35,8,3,12,25
4,4,2020-12-28,,MEM,L,111,116,41,100,.410,14,42,.333,15,17,.882,13,50,28,13,6,17,20,,42,98,.429,10,29,.345,22,29,.759,16,56,20,10,4,19,17
5,5,2020-12-30,,ATL,W,145,141,54,100,.540,19,41,.463,18,23,.783,9,40,30,6,3,8,24,,47,99,.475,18,46,.391,29,35,.829,17,54,27,5,2,12,19
6,6,2021-01-01,,ATL,L,96,114,35,86,.407,7,37,.189,19,23,.826,10,45,19,6,6,15,16,,43,93,.462,16,39,.410,12,14,.857,10,48,24,8,3,9,20
7,7,2021-01-03,,WAS,L,122,123,40,81,.494,14,32,.438,28,31,.903,7,51,25,5,9,20,24,,43,104,.413,12,33,.364,25,34,.735,13,49,27,9,3,7,22
8,8,2021-01-05,,UTA,W,130,96,52,93,.559,14,36,.389,12,16,.750,8,51,31,11,5,12,22,,33,86,.384,11,34,.324,19,27,.704,9,41,17,6,3,15,18
9,9,2021-01-07,,PHI,W,122,109,44,97,.454,15,37,.405,19,29,.655,11,48,30,11,7,12,17,,41,87,.471,9,26,.346,18,20,.900,4,47,23,6,6,20,25
10,10,2021-01-08,@,MEM,L,110,115,38,81,.469,14,31,.452,20,21,.952,4,42,26,6,4,20,13,,45,98,.459,13,32,.406,12,14,.857,12,46,29,14,6,12,18
11,11,2021-01-10,,OKC,L,116,129,43,85,.506,10,34,.294,20,24,.833,6,43,23,3,2,17,18,,49,90,.544,15,39,.385,16,17,.941,3,34,24,12,4,10,22
12,12,2021-01-12,,DEN,W,122,116,48,79,.608,16,32,.500,10,15,.667,8,41,31,6,6,18,18,,44,88,.500,18,37,.486,10,16,.625,9,32,28,12,5,13,18
13,13,2021-01-13,@,NYK,W,116,109,44,91,.484,16,40,.400,12,17,.706,12,46,29,3,5,6,12,,44,92,.478,11,28,.393,10,12,.833,12,43,22,4,3,9,16
14,14,2021-01-16,,ORL,W,122,115,42,78,.538,16,35,.457,22,25,.880,4,41,24,9,5,19,14,,44,95,.463,14,46,.304,13,16,.813,9,38,28,13,4,12,19
15,15,2021-01-18,,MIL,W,125,123,46,84,.548,15,31,.484,18,21,.857,7,49,26,2,5,17,19,,46,105,.438,11,38,.289,20,24,.833,11,41,21,9,2,5,15
16,16,2021-01-20,@,CLE,L,135,147,48,106,.453,15,41,.366,24,27,.889,13,52,30,8,11,16,24,,56,109,.514,20,40,.500,15,21,.714,12,50,29,10,6,14,21
17,17,2021-01-22,@,CLE,L,113,125,42,87,.483,14,43,.326,15,17,.882,6,29,23,5,8,11,25,,45,87,.517,8,25,.320,27,32,.844,13,50,24,7,3,12,18
18,18,2021-01-23,,MIA,W,128,124,44,83,.530,19,37,.514,21,26,.808,9,47,34,0,6,16,26,,42,89,.472,13,46,.283,27,32,.844,2,31,29,7,1,8,23
19,19,2021-01-25,,MIA,W,98,85,34,85,.400,11,38,.289,19,22,.864,6,49,24,6,5,7,18,,31,84,.369,11,43,.256,12,17,.706,8,45,20,3,7,12,21
20,20,2021-01-27,@,ATL,W,132,128,52,98,.531,11,32,.344,17,20,.850,11,36,29,7,10,9,25,,45,94,.479,13,33,.394,25,28,.893,12,37,29,3,7,9,18
21,21,2021-01-29,@,OKC,W,147,125,57,100,.570,19,45,.422,14,16,.875,10,50,33,7,4,11,25,,40,86,.465,16,38,.421,29,34,.853,6,36,23,4,4,12,12
22,22,2021-01-31,@,WAS,L,146,149,50,88,.568,19,36,.528,27,33,.818,7,45,33,6,5,17,24,,56,108,.519,12,39,.308,25,32,.781,11,39,24,10,2,7,22
23,23,2021-02-02,,LAC,W,124,120,45,79,.570,13,31,.419,21,26,.808,6,44,25,6,4,16,17,,45,99,.455,15,36,.417,15,17,.882,11,39,21,12,5,8,18
24,24,2021-02-05,,TOR,L,117,123,39,80,.488,17,42,.405,22,29,.759,8,40,29,5,6,18,19,,49,97,.505,13,32,.406,12,14,.857,12,41,22,10,6,10,25
25,25,2021-02-06,@,PHI,L,108,124,39,88,.443,15,41,.366,15,17,.882,8,34,21,6,3,17,18,,48,94,.511,10,27,.370,18,22,.818,13,51,27,12,4,15,15
26,26,2021-02-09,@,DET,L,111,122,43,86,.500,11,30,.367,14,16,.875,8,34,30,8,6,15,22,,47,84,.560,13,29,.448,15,21,.714,7,37,28,10,6,13,16
27,27,2021-02-10,,IND,W,104,94,32,76,.421,9,31,.290,31,35,.886,9,46,20,2,5,12,20,,36,92,.391,15,38,.395,7,11,.636,10,43,26,4,5,8,21
28,28,2021-02-13,@,GSW,W,134,117,50,93,.538,16,39,.410,18,20,.900,8,45,35,9,5,13,15,,44,90,.489,9,34,.265,20,25,.800,5,37,25,6,6,13,15
29,29,2021-02-15,@,SAC,W,136,125,51,89,.573,27,47,.574,7,12,.583,9,35,31,7,4,15,16,,51,96,.531,12,33,.364,11,13,.846,15,41,24,6,6,13,13
30,30,2021-02-16,@,PHO,W,128,124,47,82,.573,20,40,.500,14,15,.933,4,37,28,4,4,10,11,,48,88,.545,16,37,.432,12,12,1.000,4,34,28,7,3,6,15
31,31,2021-02-18,@,LAL,W,109,98,38,77,.494,18,39,.462,15,24,.625,8,39,23,9,3,13,18,,40,83,.482,8,30,.267,10,14,.714,10,39,21,7,4,16,16
32,32,2021-02-21,@,LAC,W,112,108,44,92,.478,11,38,.289,13,19,.684,9,40,21,10,4,6,19,,40,87,.460,15,35,.429,13,18,.722,16,52,24,3,4,16,17
33,33,2021-02-23,,SAC,W,127,118,44,89,.494,17,40,.425,22,31,.710,10,41,30,8,5,8,16,,45,87,.517,15,31,.484,13,19,.684,5,38,25,6,7,15,17
34,34,2021-02-25,,ORL,W,129,92,49,92,.533,20,45,.444,11,14,.786,7,51,30,11,2,13,18,,35,87,.402,9,36,.250,13,15,.867,4,35,19,8,1,18,10
35,35,2021-02-27,,DAL,L,98,115,35,86,.407,14,44,.318,14,19,.737,14,47,21,5,4,19,16,,45,86,.523,14,36,.389,11,17,.647,6,36,23,12,8,8,15
36,36,2021-03-01,@,SAS,W,124,113,47,100,.470,17,41,.415,13,17,.765,13,51,35,6,8,5,13,,44,97,.454,15,35,.429,10,15,.667,9,48,30,2,3,9,16
37,37,2021-03-03,@,HOU,W,132,114,49,85,.576,17,35,.486,17,24,.708,10,53,33,5,1,14,24,,38,91,.418,18,43,.419,20,28,.714,12,37,24,10,5,9,18
38,38,2021-03-11,,BOS,W,121,109,42,88,.477,19,42,.452,18,22,.818,11,45,21,3,5,14,22,,41,91,.451,13,40,.325,14,22,.636,11,39,22,10,10,11,13
39,39,2021-03-13,,DET,W,100,95,39,80,.488,6,27,.222,16,22,.727,5,35,22,8,7,12,16,,36,89,.404,8,32,.250,15,20,.750,12,46,26,10,8,12,16
40,40,2021-03-15,,NYK,W,117,112,44,76,.579,12,29,.414,17,22,.773,3,41,29,3,6,15,19,,37,92,.402,15,42,.357,23,27,.852,13,40,16,9,2,8,22
41,41,2021-03-17,@,IND,W,124,115,42,87,.483,9,27,.333,31,40,.775,15,50,22,10,2,16,20,,43,84,.512,9,32,.281,20,25,.800,4,34,29,10,3,16,28
42,42,2021-03-19,@,ORL,L,113,121,43,91,.473,10,37,.270,17,23,.739,9,39,24,9,3,8,16,,43,84,.512,21,40,.525,14,20,.700,8,44,26,4,1,17,20
43,43,2021-03-21,,WAS,W,113,106,44,90,.489,9,29,.310,16,22,.727,10,35,24,11,8,7,18,,42,79,.532,7,21,.333,15,19,.789,10,43,24,5,4,19,22
44,44,2021-03-23,@,POR,W,116,112,43,87,.494,9,30,.300,21,27,.778,10,47,25,5,2,8,17,,36,90,.400,19,55,.345,21,23,.913,13,44,25,4,5,8,20
45,45,2021-03-24,@,UTA,L,88,118,35,97,.361,7,35,.200,11,15,.733,13,48,19,9,1,9,10,,41,91,.451,23,55,.418,13,14,.929,11,56,24,6,6,11,15
46,46,2021-03-26,@,DET,W,113,111,37,84,.440,13,33,.394,26,34,.765,16,49,19,3,4,10,27,,33,73,.452,11,31,.355,34,47,.723,7,36,19,6,4,9,30
47,47,2021-03-29,,MIN,W,112,107,40,85,.471,10,30,.333,22,25,.880,7,50,31,10,7,14,18,,40,103,.388,14,44,.318,13,17,.765,17,51,23,10,10,15,25
48,48,2021-03-31,,HOU,W,120,108,44,90,.489,13,36,.361,19,19,1.000,12,45,25,6,3,11,21,,39,78,.500,13,40,.325,17,24,.708,6,31,22,5,8,13,21
49,49,2021-04-01,,CHO,W,111,89,44,91,.484,20,45,.444,3,4,.750,13,56,34,8,5,15,18,,30,86,.349,13,38,.342,16,19,.842,11,43,22,11,5,11,9
50,50,2021-04-04,@,CHI,L,107,115,45,93,.484,11,28,.393,6,7,.857,4,35,28,3,3,5,17,,43,78,.551,8,22,.364,21,30,.700,6,40,29,4,3,9,11
51,51,2021-04-05,,NYK,W,114,112,42,92,.457,10,32,.313,20,26,.769,11,45,27,6,6,10,14,,40,86,.465,14,29,.483,18,22,.818,5,41,24,7,4,12,25